time,x,y,z,phi,theta,psi,x_velocity,y_velocity,z_velocity,phi_velocity,theta_velocity,psi_velocity,rotor_speed1,rotor_speed2,rotor_speed3,rotor_speed4
0.06,-1.7843900514e-05,9.67139948525e-07,10.0040522673,0.000150700888395,0.00406548367153,0.0,-0.00105564178498,5.44154651224e-05,0.135067745286,-0.00561853171747,-0.023320062583,0.0,448.5722607934464,446.674941111052,448.38089746615015,447.9243335458915
0.12000000000000001,-0.000200663631955,1.32418598109e-05,10.0160404098,0.00182587983817,0.0125956993421,0.0,-0.00591014977002,0.000517606466968,0.26450911475,0.00876724788685,0.0100193272768,0.0,444.35603680949043,447.0802834917565,446.05322783772993,447.2263004812018
0.18,-0.000826486299954,7.98774394227e-05,10.0325154078,0.00254710830832,0.0241682909302,0.0,-0.0160279689527,0.00176515916353,0.28463443447,0.0125535509579,-0.0274850811044,0.0,412.8420683862597,409.520098878444,410.42363167777177,410.75937390024126
0.23999999999999996,-0.0023401478504,0.000249050694061,10.0547297973,0.00365479973729,0.0246336146283,0.0,-0.034461962355,0.00400728028763,0.455790494762,0.0047220102861,-0.0127110740387,0.0,458.2769666125556,459.4495721601657,459.6463922081724,459.02530749854424
0.3,-0.00497269900652,0.000573279761237,10.0865513787,0.00424522824106,0.0297968801783,0.0,-0.053824455531,0.0068726278505,0.604846533934,-0.00266604924004,0.0127826234406,0.0,451.5351875051526,453.586904066563,452.77187707814016,452.17714587581554
0.36000000000000004,-0.00890941014287,0.00108434168895,10.1285537651,0.00416143279942,0.0320198516988,0.0,-0.0776692243662,0.0101502116169,0.795110727553,-0.000613303081975,-0.00168994729932,0.0,464.57792602915225,463.4418299561814,466.25869959892145,466.41906256070723
0.4200000000000001,-0.0140888155537,0.00176450731824,10.1747716237,0.00565118826156,0.0322944556024,0.0,-0.0950074781562,0.0126311879285,0.745516950297,0.0117744661144,-0.00971340021197,0.0,387.9040813714848,387.15006239213403,386.49724055885923,387.66280760712795
0.48000000000000015,-0.0204801208583,0.00264501692446,10.2228125664,0.00660999327332,0.0360477516508,0.0,-0.118400102367,0.0168249241882,0.855757422088,0.00494238239337,0.0119289712015,0.0,439.4432673275494,441.2334074408249,441.65017416619673,441.0862706976904
0.5400000000000001,-0.0283614242697,0.00380955379807,10.2773485156,0.0107140770501,0.0421110023359,0.0,-0.14495882031,0.0224378022573,0.961993651324,-0.0176665630015,-0.0146312235571,0.0,440.65304230327285,438.4521911403923,440.9960263159025,439.1248016446503
0.6000000000000002,-0.0379138879741,0.0053698927861,10.337745916,0.00973739839176,0.0415372667921,0.0,-0.173391855418,0.0294723958633,1.05117717741,-0.015484610211,-0.00967197471653,0.0,434.0018903097447,434.4179935879763,434.93002502627905,435.1127837945992
0.6600000000000003,-0.0492035547308,0.00734342425502,10.4044248057,0.00913818970177,0.0417496278907,0.0,-0.202960683544,0.0362558668715,1.17133402,-0.0230896849873,-0.0206985721853,0.0,445.54209099252256,444.63987299163654,444.3911378041199,443.76744387532557
0.7200000000000003,-0.0625095955914,0.0097558583795,10.4831983182,0.0085719454374,0.0484340295536,0.0,-0.241465430809,0.0440966654494,1.45408989321,-0.0342766221337,-0.0527629065121,0.0,494.5362632424241,492.16873955742483,493.25696844089555,492.43012540707537
0.7800000000000004,-0.0781586718122,0.0126034382612,10.5768566452,0.00773316238937,0.0466561385952,0.0,-0.279964435518,0.0507075999972,1.66757454092,-0.0233285925881,-0.0669242106412,0.0,474.9721997484183,473.8829246169851,472.91383715124323,473.75603446787034
0.8400000000000004,-0.096102210455,0.0158322176317,10.6840074578,0.00653152440628,0.0438504569268,0.0,-0.317813007761,0.0567764706465,1.90376906638,-0.0295496069427,-0.0802330481956,0.0,481.1302521588708,480.1181425273498,481.7850420631091,481.31443038215565
0.9000000000000005,-0.116157839862,0.0193812122158,10.8031738032,0.00543520506938,0.0424649844356,0.0,-0.350522696586,0.0613904348423,2.06816508068,-0.0216591163925,-0.0611144871308,0.0,459.4083328768607,460.9175959398067,460.70663222559733,461.32990809107537
0.9600000000000005,-0.138093058763,0.0231766467616,10.9311521413,0.00421679004916,0.0388255505454,0.0,-0.380256710951,0.0649909197818,2.19755500926,-0.0195161364468,-0.0601392767488,0.0,451.46165570509254,451.53776454543726,449.35672972461396,449.53042009172
1.0200000000000005,-0.161938149871,0.0271842246469,11.0715382319,0.00361201477922,0.0402010704272,0.0,-0.414770610668,0.0685267176748,2.48139590248,-0.0290458844413,-0.0858244989426,0.0,497.62660318938686,495.7398751464136,496.4923550099301,495.79273605121784
1.0800000000000005,-0.187683377501,0.0313673191502,11.2245314984,0.00189148199862,0.0350400676533,0.0,-0.442843237907,0.0707229920361,2.61809889145,-0.0282195035819,-0.0867855537362,0.0,454.5732092535446,454.4902508813105,454.33502044662595,454.40105486551994
1.1400000000000006,-0.215058269093,0.0356509922681,11.3873437852,0.000859298899945,0.0301611552927,0.0,-0.469088730681,0.0719579864855,2.80854868867,-0.0384062420632,-0.0943757790629,0.0,472.0604845062111,471.4682717629443,471.08730427529906,470.2986692798719
1.2000000000000006,-0.2437487837,0.0399794683421,11.556619578,6.28285306826,0.0254041287058,0.0,-0.486823888068,0.0722065737709,2.83393125198,-0.0279882947331,-0.0850833239854,0.0,419.8990191601186,420.69686260963704,420.3057227725364,421.2070530223346
1.2600000000000007,-0.273570701244,0.0442968942618,11.7320389777,6.28116324971,0.0306355780016,0.0,-0.507784523862,0.0715176014052,3.01290491218,-0.0296100835438,-0.0510443817239,0.0,467.79630399603,470.43539149886385,468.59353547193035,468.46726789112904
1.3200000000000007,-0.304714096788,0.0485354688823,11.9174020109,6.27942037654,0.0275614308642,0.0,-0.529984713295,0.0695765077382,3.16546338337,-0.0284675381425,-0.0519944968051,0.0,460.7063791792689,460.62966059992533,463.02594167717496,463.1156033421852
1.3800000000000008,-0.337016177192,0.052635224547,12.1079454389,6.27772636293,0.0248084905393,0.0,-0.54651309011,0.0669287557212,3.18593540749,-0.0278999144628,-0.0599363499155,0.0,421.5076731377834,420.81857174581876,420.7680194484526,420.8168941082898
1.4400000000000008,-0.370376108838,0.0565222872726,12.3046016471,6.2770718896,0.0214920559434,0.0,-0.565092825295,0.0625822417894,3.36876200984,-0.0402258433861,-0.0552197316988,0.0,472.16314427311767,472.5247404771802,471.8019221268347,470.84896766157607
1.5000000000000009,-0.404753874751,0.0601376386669,12.5112002,6.27629894857,0.0181668715992,0.0,-0.580466606282,0.0578338180893,3.51742108915,-0.0273436377903,-0.0563933303091,0.0,463.08698826801196,462.9927068252257,461.8002877110059,462.81481558114695
1.560000000000001,-0.439971513209,0.0634539243283,12.7260390912,6.27477069676,0.0155015511103,0.0,-0.593161450889,0.0525553992361,3.6434893758,-0.0324069655312,-0.0482323204415,0.0,456.81263801843517,457.46115060698713,456.4973233210664,456.09287073514645
1.620000000000001,-0.475879224651,0.0664291686797,12.94743697,6.27313390588,0.0126083180634,0.0,-0.603472746323,0.0464642541106,3.73614889349,-0.039800334061,-0.0506676663448,0.0,447.3563651486779,447.15653498905635,447.4520787422263,446.8492389929928
1.680000000000001,-0.512368141001,0.0690208446596,13.1758894536,6.27970458188,0.0102719466779,0.0,-0.612580888265,0.0406069451662,3.87847198416,-0.00819065299953,-0.0611353034727,0.0,463.53604721342225,462.7108511121281,461.72942265773696,464.216308275486
1.740000000000001,-0.549346674976,0.0714077591335,13.4126820357,0.00258388891777,0.00689269469557,0.0,-0.619682299476,0.039640189502,4.01415690448,-0.0374650078543,-0.0683444104419,0.0,462.21535591859606,461.6440517906788,463.20977828583466,460.9017714010242
1.8000000000000012,-0.586644078263,0.0738412887068,13.6513907036,0.00829017317949,0.00549231147724,0.0,-0.623448416117,0.0418935180867,3.94304905263,-0.0077468160187,-0.0515038732419,0.0,394.43494471294485,395.9839074478691,394.6582509434431,397.39167989203395
1.8600000000000012,-0.624169924056,0.0765352177143,13.8907273685,0.0115490074322,0.00320630681701,0.0,-0.627195467381,0.0482094087799,4.03452380029,0.0122257892543,-0.0626010638017,0.0,450.04212391025277,449.14092475767404,447.340530312713,448.96407533382654
1.9200000000000013,-0.661873596569,0.0796783811524,14.1360117658,0.013786908597,0.000690212992941,0.0,-0.62932537754,0.0568037377081,4.14124542421,-0.00246353082284,-0.0515442792302,0.0,453.00152295499225,453.88745786626714,455.6448990433312,454.4688536373464
1.9800000000000013,-0.699653528638,0.0833635007259,14.386277039,0.0159303465546,6.28149682997,0.0,-0.629772285246,0.0662534072274,4.20071574692,-0.0202884956262,-0.0434109239472,0.0,438.78832854019174,439.4615666600615,442.1687423238835,440.6978035358889
2.0400000000000014,-0.737416750578,0.0876928250711,14.6430238864,0.0152616691953,6.28131345131,0.0,-0.628965356795,0.0779848344879,4.35693185053,-0.0296907855021,-0.0275232956288,0.0,469.7059802521972,470.9359515917576,470.90388657113033,470.17592816623534
2.1000000000000014,-0.775129358641,0.0926893532927,14.9078399948,0.0140873705472,6.28052309455,0.0,-0.62805285403,0.088447740673,4.46984002152,-0.0395105841944,-0.0389589329115,0.0,459.501494302629,458.59364125102303,458.49465870558384,457.71336055378646
2.1600000000000015,-0.812762729051,0.0982998610466,15.1802898775,0.0130087972218,6.27861638171,0.0,-0.62618383879,0.0984325614057,4.61126921016,-0.0282012517919,-0.0328694531633,0.0,467.71770802501925,468.1912144825432,467.73415127310057,468.61366524200264
2.2200000000000015,-0.850249265687,0.104485544858,15.4598964239,0.0157528147762,6.27663280281,0.0,-0.623171125275,0.10805513814,4.7085526246,-0.0525049306261,-0.0343360367577,0.0,456.57257180012346,456.4551285423178,456.11940242127923,454.1734837432601
2.2800000000000016,-0.887516371086,0.111281326487,15.7453416309,0.0126041395496,6.27502340653,0.0,-0.618914791075,0.11814717092,4.80589144645,-0.054983984812,-0.0429882293456,0.0,457.87694546381624,457.187406282401,455.8851412482738,455.6851977042912
2.3400000000000016,-0.924495790332,0.118637885877,16.0380212445,0.0105084123701,6.27698622582,0.0,-0.613922849535,0.126824645006,4.94948493269,-0.0441079277841,-0.0208111943555,0.0,470.6558004878021,472.3687695743386,470.91196144811664,471.7510762894435
2.4000000000000017,-0.961275390463,0.126441969957,16.3360313442,0.0102815384091,0.00583079405732,0.0,-0.613197188399,0.133273789318,4.98400294572,-0.0282261900933,-0.0619471395318,0.0,441.5668002185334,438.1590410397882,437.80986713436147,439.12867764552647
2.4600000000000017,-0.998203801144,0.134633413633,16.6367803284,0.00907173009759,0.00813853207078,0.0,-0.617993936596,0.13966426304,5.04070713275,-0.0371394379781,-0.0900620455907,0.0,448.5793084978187,446.2861442921877,446.03292184119744,445.303954601586
2.520000000000002,-1.03543448368,0.143163534386,16.9388577899,0.00702756393229,0.00673702452629,0.0,-0.62293219632,0.144503573479,5.02860080218,-0.0431919125661,-0.113210496979,0.0,426.5118166638968,424.5211540690242,424.6969170287603,424.1765422035628
2.580000000000002,-1.07294901691,0.151981900331,17.2455302918,0.00450353885146,6.28313933898,0.0,-0.626804621217,0.149159975971,5.19310747761,-0.0474807321132,-0.116023128631,0.0,479.1333985263022,478.9089068652236,480.1995269202351,479.8730598132255
2.640000000000002,-1.1105542195,0.161003300149,17.557026697,0.00229793641285,6.27764984566,0.0,-0.626222768105,0.151370175531,5.19013720625,-0.0575483580384,-0.103879604574,0.0,429.5060520470183,430.5233086205508,429.1873197674658,428.3300916581477
2.700000000000002,-1.14801214947,0.170119147545,17.8712206124,6.28223685909,6.27255513486,0.0,-0.621859602646,0.152158354584,5.28258571133,-0.0536278604957,-0.0933325056873,0.0,458.90590628734026,459.7341294093654,459.329017133886,459.6378310908443
2.760000000000002,-1.18512343236,0.179218636622,18.1893199085,6.2790091674,6.26696705623,0.0,-0.614675462179,0.150859180862,5.32056149809,-0.0553163724635,-0.0962260401677,0.0,443.55007148114703,443.3047719711664,443.33118474825324,443.19044311111236
2.820000000000002,-1.22173055455,0.188189685756,18.5079481115,6.27630417653,6.26171653981,0.0,-0.605117293948,0.147954991926,5.30048197294,-0.0651838847172,-0.08941371425,0.0,424.6273957906366,425.2035738350088,425.42846104402395,424.58000270596574
2.880000000000002,-1.25769393918,0.196941956658,18.8246518434,6.27267417309,6.25693192087,0.0,-0.593282420384,0.143487816678,5.25651868863,-0.0604543023353,-0.0990443591607,0.0,417.0394658416706,416.18938370713863,416.7475856376917,417.1576169516588
2.940000000000002,-1.29277211501,0.205351823475,19.1421721345,6.27498892356,6.25111991659,0.0,-0.575440873681,0.137099434563,5.32716777421,-0.0883845178214,-0.104382682863,0.0,453.80401705377847,453.36667874839924,454.06307410756045,451.81283089097303
3.000000000000002,-1.32661958365,0.21338516218,19.4655343309,6.27115397636,6.24748594416,0.0,-0.552426617673,0.130265365862,5.45098880811,-0.0762577727712,-0.0877810621378,0.0,469.28703466042043,470.5662714785491,469.7461042321302,470.6802740789629
3.0600000000000023,-1.35910226177,0.220952195818,19.7941600882,6.26671153174,6.24827899058,0.0,-0.530382418363,0.121546680898,5.50294949367,-0.0732864580284,-0.0619883993109,0.0,449.31473058860297,451.39631774367064,448.2136381375495,448.4507014402518
3.1200000000000023,-1.39029790239,0.227942459233,20.1249031454,6.26619566481,6.24480938796,0.0,-0.509158769207,0.111438694453,5.52172553111,-0.0961017591735,-0.0575847383617,0.0,439.4277264440981,439.79004215163536,440.1481243898111,438.2501032878559
3.1800000000000024,-1.42020553169,0.234318867398,20.4556208967,6.26044070071,6.2427014162,0.0,-0.487567867732,0.100621845494,5.50228482004,-0.0989692480602,-0.0460142127148,0.0,426.3876687628808,427.3731476168635,427.7224605453668,427.46967302664484
3.2400000000000024,-1.44856829355,0.239853542886,20.7903224253,6.26114922188,6.23993111735,0.0,-0.457583653827,0.083996350763,5.65369214721,-0.128437281807,-0.0477686086931,0.0,479.4181606295314,479.28370487627774,481.5983113955774,479.3543756852022
3.3000000000000025,-1.4751560611,0.244414673348,21.1322048125,6.25345028366,6.23812794651,0.0,-0.428499133696,0.0672771620512,5.74193036608,-0.12811566972,-0.0376112927066,0.0,462.46776348157846,463.2662177621128,462.3117825064853,462.3227762416868
3.3600000000000025,-1.49984778962,0.247754662034,21.4819036012,6.24954122444,6.23664743806,0.0,-0.394417001253,0.0436681136911,5.91380670424,-0.150642302362,-0.0290861992879,0.0,488.04373924304576,488.679326229159,488.8955490345001,487.19872057691555
3.4200000000000026,-1.5225997869,0.24966447302,21.8391203143,6.24069180548,6.23724987573,0.0,-0.36407125692,0.0191248340435,5.99297616332,-0.146930383168,-0.0471135389545,0.0,463.24661809916773,461.8261230700412,462.48898020824373,462.7612968937145
3.4800000000000026,-1.54353536077,0.249963051521,22.2009270954,6.24107363463,6.23452686234,0.0,-0.333526977441,-0.00914542341636,6.0668468653,-0.114887337513,-0.0445859930252,0.0,461.77984792208525,461.97804939229155,460.57828813007654,463.0896650683058
3.5400000000000027,-1.56244906249,0.248423313774,22.5700814593,6.23460278508,6.23372751061,0.0,-0.296896859623,-0.042874426688,6.23734838438,-0.108868047435,-0.0608374338225,0.0,491.06613888424397,489.85759612598474,491.67729412141523,492.11314331104234
3.6000000000000028,-1.57936001851,0.244909221061,22.9455593978,6.22869062725,6.23974723608,0.0,-0.267330441585,-0.0747935117114,6.27833082207,-0.118776966935,-0.0279519800423,0.0,452.46784357676813,455.10662245022166,455.6767873435999,454.87295640813346
3.660000000000003,-1.59464479144,0.239442265477,23.3221088545,6.22223828978,6.2382488768,0.0,-0.24203283901,-0.108004926104,6.27330490871,-0.11090273044,-0.0339366214304,0.0,441.01962839858885,440.52463499028386,440.1170337465981,440.7562193333925
3.720000000000003,-1.60825760497,0.23168282134,23.7013465299,6.21561418843,6.23945716032,0.0,-0.211848337403,-0.151281534698,6.36738236011,-0.109856397836,-0.0153686351987,0.0,470.06185840654103,471.4986780617429,471.6638310806145,471.7346146801751
3.780000000000003,-1.62022268058,0.221412105794,24.0831291309,6.21175943703,6.24217672512,0.0,-0.187195756975,-0.191422051741,6.35871555233,-0.0928956403542,0.00437038243148,0.0,439.40929284288484,441.04307738483783,440.40391932816493,441.7953168065766
3.840000000000003,-1.63052261763,0.208262033155,24.4699562327,6.2070896633,6.24316167798,0.0,-0.156294959719,-0.247354661691,6.53448248976,-0.104580387635,-0.00621929960861,0.0,496.42198950053063,495.6441616763045,496.6465730016703,495.78169945605765
3.900000000000003,-1.63910402509,0.191859339654,24.8645265672,6.20136512918,6.24516234509,0.0,-0.129949837877,-0.299939083124,6.61732616841,-0.0975666457242,0.00950112869114,0.0,469.9224899569024,471.1397879524038,471.3509571480616,471.8843936256789
3.960000000000003,-1.64628582842,0.172481658577,25.2605210743,6.19609674005,6.24913515772,0.0,-0.10977491245,-0.346435956939,6.58263716864,-0.0902988030937,-0.0119415827713,0.0,436.9604247242451,435.1687201729384,434.86191446487237,435.4625389118589
4.020000000000002,-1.6521997848,0.149946851053,25.6576159822,6.19123663371,6.24896674266,0.0,-0.0873619859483,-0.405165592572,6.65338271294,-0.0832301360449,-0.0213397610066,0.0,467.952126264976,467.2199173196201,468.61534353542856,469.15863483653993
4.080000000000001,-1.65697744386,0.124377016849,26.0526926924,6.18725959336,6.24777918435,0.0,-0.0717884972644,-0.447504221431,6.51657858246,-0.0733196802466,-0.0260866124342,0.0,402.2729708390812,401.84267555797953,401.33649225415854,402.2293821520283
4.14,-1.66064493063,0.0957809201588,26.4440158165,6.18301774524,6.246893378,0.0,-0.0503765664763,-0.506059307487,6.52739404631,-0.0790280242954,-0.0181780771465,0.0,449.06995539927,449.7111061520817,449.433615808967,448.96622478118235
4.199999999999998,-1.66306895706,0.0637587489753,26.8344170114,6.18016209069,6.24604283789,0.0,-0.030342356974,-0.561582469047,6.48615521176,-0.0953204179687,-0.0138774445273,0.0,432.55504512689913,432.9172293412945,433.75333513666476,432.37650500192314
4.259999999999997,-1.6643148265,0.0284554903895,27.2214974976,6.18119640085,6.24717741023,0.0,-0.0112711254842,-0.615168294908,6.41688911998,-0.0680277092193,-0.0304887530866,0.0,423.71620393549733,422.28534578403026,422.3296372944844,424.6711909793953
4.319999999999996,-1.66429346343,-0.0104324910207,27.6080364528,6.17711427753,6.24580382135,0.0,0.0121092363257,-0.681447553137,6.46737477147,-0.0704052785884,-0.0241969716931,0.0,459.98551860796204,460.483421429517,461.43623875669425,461.2450779746737
4.379999999999995,-1.66287999833,-0.0532709671468,27.9966176093,6.17289870905,6.24450181765,0.0,0.0351225572779,-0.746861980191,6.48514217815,-0.0731839448484,-0.0209904777682,0.0,451.6058691189689,451.86445689633666,451.2035980891259,450.975335460198
4.439999999999993,-1.66006766975,-0.10011038617,28.3862538518,6.16873409562,6.24513355257,0.0,0.0585736306936,-0.814804199757,6.50254487588,-0.0797334135952,-0.00707827977443,0.0,451.2101813661386,452.3322775060246,451.8794979446652,451.3467334217286
4.499999999999992,-1.65584570433,-0.151164802815,28.7775700475,6.16771609503,6.2490008473,0.0,0.0818100648164,-0.887055031774,6.54105729195,-0.102226249148,0.0144479436163,0.0,457.6070089881763,459.31774982105736,459.66568372423677,457.8732416117645
4.559999999999991,-1.65033112955,-0.20646184536,29.1702103663,6.16678618036,6.25098391229,0.0,0.101820811143,-0.95627658474,6.54686162531,-0.0784092422305,0.00161254525,0.0,449.5650841938294,448.52350448155386,447.9742524995416,449.8997470665395
4.6199999999999894,-1.6438181638,-0.265305908212,29.5578471591,6.16388276789,6.25119897497,0.0,0.115292495469,-1.0054757756,6.37527774325,-0.0943603032185,-0.00354176065551,0.0,390.3932231524648,389.9118457214895,389.238976373451,387.7360064876039
4.679999999999988,-1.63630817598,-0.327871185701,29.9411983787,6.15897250058,6.2519569925,0.0,0.134953564744,-1.0804672518,6.40282734162,-0.0859899094956,-0.0156000393738,0.0,454.92402165546383,453.95734696706285,453.55446355453347,454.21952230654006
4.739999999999987,-1.62763303828,-0.395008353133,30.326116667,6.15709477724,6.25216058497,0.0,0.154181396447,-1.15760789094,6.42755888355,-0.0673097163573,-0.0285555936389,0.0,455.154101237535,454.1158525159624,452.2577257403327,453.75516631742096
4.799999999999986,-1.61786913891,-0.466672469303,30.7113933368,6.15349052223,6.26013739833,0.0,0.170565851291,-1.23151932376,6.4149821193,-0.0611916168474,-0.0638770351158,0.0,444.72361337267995,441.8193549884047,441.4696819984466,441.9711649860078
4.859999999999984,-1.60712446904,-0.543366481961,31.1000721778,6.15313962194,6.25719737387,0.0,0.187894268309,-1.32487187848,6.54018748784,-0.0823898354839,-0.0546585322722,0.0,484.84434534309145,485.5342955806155,484.86710914939175,483.2684583269098
4.919999999999983,-1.59533506463,-0.625511764745,31.4950106142,6.15250608823,6.26121442571,0.0,0.204696429326,-1.41333106039,6.62386996519,-0.0608169795495,-0.026244113354,0.0,472.0326595314811,474.2197183903562,473.88397742855705,475.53565857286105
4.979999999999982,-1.58264490273,-0.712769854551,31.8934552079,6.1552655508,6.26241759891,0.0,0.218172936167,-1.49503073548,6.65739613883,-0.034260139562,-0.0457412293848,0.0,459.96505517672927,458.41761207629116,459.31178388579707,461.41194133194887
5.0399999999999805,-1.56912130353,-0.805088299286,32.2954899227,6.15627753588,6.2598409934,0.0,0.232855118752,-1.58207749198,6.74319926899,-0.0546840799793,-0.0515874353646,0.0,475.74337113649676,475.29420800816644,477.3851135809426,475.8229628417064
